"","PC","Mid-Lob","PP","Tech","age"
"A11_36077725296200",0.441560938291166,0.00197416838218832,0.556464893326646,"STOmics","Young"
"A11_36077725297200",0.22076708684361,0.0014470805697064,0.777785832586684,"STOmics","Young"
"A11_36077725297400",0.647080566282415,0.00153971143109497,0.35137972228649,"STOmics","Young"
"A11_36077725297600",0.154508823419955,0.83876203281689,0.00672914376315516,"STOmics","Young"
"A11_36077725298400",0.244604917463624,0.752510396044759,0.00288468649161716,"STOmics","Young"
"A11_36077725303000",0.529662638192912,0.252376166306966,0.217961195500122,"STOmics","Young"
"A11_36077725303200",0.327542112312557,0.000192625778404319,0.672265261909039,"STOmics","Young"
"A11_36077725305600",0.00055897784361332,0.699915327739041,0.299525694417345,"STOmics","Young"
"A11_36077725306400",0.499002644859738,0.00109975315772891,0.499897601982534,"STOmics","Young"
"A11_36077725306600",0.100675014729114,0.899039963574906,0.000285021695980107,"STOmics","Young"
"A11_36077725306800",0.370136534779151,0.62914270242074,0.00072076280010912,"STOmics","Young"
"A11_36077725307000",0.439499478389639,0.559717355962129,0.000783165648232348,"STOmics","Young"
"A11_36077725307200",0.000322773414147998,0.999363411838904,0.000313814746948433,"STOmics","Young"
"A11_36936718753800",0.191799826844083,0.806868489933749,0.00133168322216813,"STOmics","Young"
"A11_36936718754200",0.0702402316632066,0.928806941264548,0.000952827072245541,"STOmics","Young"
"A11_36936718754400",0.000391230407388926,0.732221603600695,0.267387165991916,"STOmics","Young"
"A11_36936718754600",0.000494867483518425,0.457399857252522,0.542105275263959,"STOmics","Young"
"A11_36936718754800",0.000365234465858967,0.945169565422299,0.0544652001118421,"STOmics","Young"
"A11_36936718755000",0.322736266878155,0.676513324121836,0.000750409000009099,"STOmics","Young"
"A11_36936718755200",0.66117302811783,0.0116973306083815,0.327129641273789,"STOmics","Young"
"A11_36936718755400",0.0714448137967597,0.928021930406242,0.000533255796998482,"STOmics","Young"
"A11_36936718755600",0.000534928493511896,0.643547446476218,0.355917625030271,"STOmics","Young"
"A11_36936718755800",0.000273540224476546,0.507601606800867,0.492124852974656,"STOmics","Young"
"A11_36936718756000",0.135819746567099,0.863238472067992,0.000941781364909164,"STOmics","Young"
"A11_36936718756200",0.0453342287265342,0.652039331178004,0.302626440095462,"STOmics","Young"
"A11_36936718756400",0.0748529199733088,0.924827863456483,0.000319216570208137,"STOmics","Young"
"A11_36936718756600",0.677940470479724,0.32106614013061,0.000993389389666426,"STOmics","Young"
"A11_36936718756800",0.116192217403077,0.883277984212465,0.000529798384458086,"STOmics","Young"
"A11_36936718757000",0.277692199328204,0.157437739999438,0.564870060672358,"STOmics","Young"
"A11_36936718757200",0.19823867993666,0.800601048005121,0.0011602720582193,"STOmics","Young"
"A11_36936718757400",0.155196198145595,0.435402943605184,0.409400858249221,"STOmics","Young"
"A11_36936718757600",0.0485087843446062,0.950662888811266,0.000828326844127732,"STOmics","Young"
"A11_36936718757800",0.095640923507454,0.719584851919104,0.184774224573442,"STOmics","Young"
"A11_36936718758200",0.323177616760254,0.675401092455921,0.00142129078382486,"STOmics","Young"
"A11_36936718758400",0.383640086476355,0.615314882181741,0.00104503134190427,"STOmics","Young"
"A11_36936718758600",0.000616561061312995,0.998766877877374,0.000616561061313035,"STOmics","Young"
"A11_36936718758800",0.417584415505436,0.143849109890731,0.438566474603833,"STOmics","Young"
"A11_36936718759200",0.598735980145135,0.27380358605913,0.127460433795735,"STOmics","Young"
"A11_36936718759600",0.000491515039761679,0.674198159009097,0.325310325951141,"STOmics","Young"
"A11_36936718759800",0.183607977925096,0.815490745565369,0.000901276509534418,"STOmics","Young"
"A11_36936718760000",0.39571245820642,0.138079538735312,0.466208003058269,"STOmics","Young"
"A11_36936718761600",0.0805981218497551,0.8290018377443,0.0904000404059447,"STOmics","Young"
"A11_36936718762000",0.180667555789886,0.199674689591396,0.619657754618717,"STOmics","Young"
"A11_36936718762200",0.00928296483017974,0.990299526749113,0.000417508420707264,"STOmics","Young"
"A11_36936718762400",0.37026462653857,0.000439447776402654,0.629295925685028,"STOmics","Young"
"A11_36936718763400",0.000187183563072825,0.9128647572375,0.0869480591994273,"STOmics","Young"
"A11_36936718763800",0.277556918570453,0.0279203983059164,0.694522683123631,"STOmics","Young"
"A11_36936718764000",0.0726243323063781,0.512355656776257,0.415020010917365,"STOmics","Young"
"A11_36936718764200",0.00032204817177401,0.910701145376818,0.0889768064514077,"STOmics","Young"
"A11_36936718764400",0.000292094675517111,0.767476688466515,0.232231216857968,"STOmics","Young"
"A11_36936718764600",0.0550304097422223,0.91984956491193,0.0251200253458481,"STOmics","Young"
"A11_36936718764800",0.000300541659849087,0.584036921256365,0.415662537083786,"STOmics","Young"
"A11_36936718765000",0.000322751176363234,0.905064685047866,0.0946125637757708,"STOmics","Young"
"A11_36936718765200",0.00032901430637194,0.911134466063541,0.0885365196300869,"STOmics","Young"
"A11_36936718765400",0.58603728295491,0.0487460603818802,0.36521665666321,"STOmics","Young"
"A11_36936718765600",0.37493589954287,0.624291896795884,0.000772203661245921,"STOmics","Young"
"A11_36936718765800",0.476812250348307,0.522352369293824,0.000835380357869576,"STOmics","Young"
"A11_36936718766000",0.461179043680009,0.538327502257573,0.000493454062418102,"STOmics","Young"
"A11_36936718766200",0.715767427642322,0.283883559715689,0.000349012641988306,"STOmics","Young"
"A11_36936718766400",0.675556799769468,0.323581935936336,0.000861264294195942,"STOmics","Young"
"A11_36936718766600",0.371272139244979,0.627973548019367,0.000754312735653691,"STOmics","Young"
"A11_37795712212200",0.194566468220955,0.804339924717223,0.00109360706182167,"STOmics","Young"
"A11_37795712212400",0.296237337066577,0.0566337074254981,0.647128955507925,"STOmics","Young"
"A11_37795712212600",0.000512295765425163,0.625335849674823,0.374151854559751,"STOmics","Young"
"A11_37795712212800",0.000428899079560744,0.828951641895187,0.170619459025253,"STOmics","Young"
"A11_37795712213000",0.0174802168681934,0.981594105996165,0.000925677135641104,"STOmics","Young"
"A11_37795712213200",0.303934617136,0.557087288298676,0.138978094565323,"STOmics","Young"
"A11_37795712213400",0.0845981850719931,0.914475759499307,0.000926055428699462,"STOmics","Young"
"A11_37795712213600",0.000387609163391942,0.660493485925955,0.339118904910653,"STOmics","Young"
"A11_37795712213800",0.000516419763503963,0.270712865844372,0.728770714392124,"STOmics","Young"
"A11_37795712214000",0.000395930329235809,0.819221101851335,0.180382967819429,"STOmics","Young"
"A11_37795712214400",0.589941765320084,0.409205601196546,0.000852633483369827,"STOmics","Young"
"A11_37795712214600",0.411211150959499,0.587961130839544,0.000827718200956231,"STOmics","Young"
"A11_37795712214800",0.00045851061481611,0.460516401070795,0.539025088314389,"STOmics","Young"
"A11_37795712215000",0.0364958589575664,0.273674873132001,0.689829267910433,"STOmics","Young"
"A11_37795712215200",0.0387277934482676,0.775980343918731,0.185291862633001,"STOmics","Young"
"A11_37795712215400",0.000567081512248771,0.513385722443533,0.486047196044218,"STOmics","Young"
"A11_37795712215600",0.0658686175170248,0.686012769909469,0.248118612573506,"STOmics","Young"
"A11_37795712215800",0.572858332805845,0.426115078313298,0.00102658888085678,"STOmics","Young"
"A11_37795712216000",0.0736293704297428,0.925799924320376,0.000570705249880802,"STOmics","Young"
"A11_37795712216200",0.03566638339956,0.405598084977682,0.558735531622758,"STOmics","Young"
"A11_37795712216400",0.257787595052902,0.000819510738608027,0.74139289420849,"STOmics","Young"
"A11_37795712216600",0.218810717205177,0.780046951688324,0.00114233110649896,"STOmics","Young"
"A11_37795712216800",0.210940809078724,0.788159163772788,0.000900027148487817,"STOmics","Young"
"A11_37795712217000",0.000447044089102388,0.566176173293709,0.433376782617188,"STOmics","Young"
"A11_37795712217200",0.00052410269795782,0.453185289361995,0.546290607940047,"STOmics","Young"
"A11_37795712217400",0.000504625724281763,0.962166776864122,0.037328597411596,"STOmics","Young"
"A11_37795712217600",0.000355005355112843,0.999284068564891,0.000360926079995798,"STOmics","Young"
"A11_37795712217800",0.000432611190804153,0.824950394271501,0.174616994537695,"STOmics","Young"
"A11_37795712218000",0.834674228662116,0.163116452144845,0.00220931919303934,"STOmics","Young"
"A11_37795712218200",0.209901389397847,0.789600539324021,0.000498071278132521,"STOmics","Young"
"A11_37795712218400",0.233312288775856,0.765773593622024,0.000914117602120158,"STOmics","Young"
"A11_37795712218600",0.000480479722190836,0.617511420654912,0.382008099622897,"STOmics","Young"
"A11_37795712218800",0.00042186099645463,0.689256581682992,0.310321557320553,"STOmics","Young"
"A11_37795712219200",0.521146530860983,0.478047045502329,0.000806423636687798,"STOmics","Young"
"A11_37795712219400",0.283609837048653,0.624293719783547,0.0920964431678008,"STOmics","Young"
"A11_37795712219600",0.367499721689832,0.527120507509095,0.105379770801073,"STOmics","Young"
"A11_37795712219800",0.000371294720258007,0.999257410559484,0.000371294720258032,"STOmics","Young"
"A11_37795712220000",0.107693220911119,0.891994247433114,0.000312531655766506,"STOmics","Young"
"A11_37795712220200",0.000338979903824506,0.986157110835836,0.0135039092603391,"STOmics","Young"
"A11_37795712220400",0.0079147636878881,0.504322302893222,0.48776293341889,"STOmics","Young"
"A11_37795712220600",0.000435218127440061,0.835843089018643,0.163721692853917,"STOmics","Young"
"A11_37795712220800",0.179292049135109,0.648676511510422,0.172031439354469,"STOmics","Young"
"A11_37795712221000",0.000345917240694008,0.981351808673544,0.0183022740857615,"STOmics","Young"
"A11_37795712221200",0.0271991593279682,0.972427477201345,0.000373363470687166,"STOmics","Young"
"A11_37795712221400",0.000302671613980629,0.966848419026324,0.0328489093596954,"STOmics","Young"
"A11_37795712221600",0.0403381492406352,0.959098959884112,0.000562890875252372,"STOmics","Young"
"A11_37795712221800",0.0159427699064786,0.731698590289691,0.252358639803831,"STOmics","Young"
"A11_37795712222000",0.000395707571341877,0.978381991548065,0.0212223008805932,"STOmics","Young"
"A11_37795712222200",0.000162981273084483,0.666202879483947,0.333634139242969,"STOmics","Young"
"A11_37795712222400",0.000317516111347421,0.974456139613565,0.0252263442750878,"STOmics","Young"
"A11_37795712222600",0.000313733597448891,0.918965661245347,0.0807206051572045,"STOmics","Young"
"A11_37795712222800",0.401165093673208,0.598355211611286,0.000479694715506648,"STOmics","Young"
"A11_37795712223000",0.0549561763832453,0.944523792106377,0.000520031510377358,"STOmics","Young"
"A11_37795712223200",0.000363681148478978,0.999272637703042,0.000363681148478973,"STOmics","Young"
"A11_37795712223400",0.107356613830671,0.673659467914624,0.218983918254705,"STOmics","Young"
"A11_37795712223600",0.0626452417178592,0.937093048764685,0.000261709517455472,"STOmics","Young"
"A11_37795712223800",0.000249393665612747,0.40939180023885,0.590358806095537,"STOmics","Young"
"A11_37795712224000",0.000119420254881181,0.313794822626159,0.68608575711896,"STOmics","Young"
"A11_37795712224200",0.0969416446286027,0.413297428987859,0.489760926383538,"STOmics","Young"
"A11_37795712224400",0.000387972367300067,0.999203973951909,0.000408053680790794,"STOmics","Young"
"A11_37795712224600",0.0500444141111009,0.65786830691792,0.292087278970979,"STOmics","Young"
"A11_37795712224800",0.0154394990344358,0.680804118043919,0.303756382921645,"STOmics","Young"
"A11_37795712225000",0.000174524069698444,0.664319125489362,0.33550635044094,"STOmics","Young"
"A11_37795712225200",0.319945771918106,0.679253706579664,0.000800521502229186,"STOmics","Young"
"A11_37795712225400",0.728893358593234,0.270792656332247,0.000313985074518681,"STOmics","Young"
"A11_38654705670800",0.413581734468992,0.00970635131033345,0.576711914220674,"STOmics","Young"
"A11_38654705671000",0.637583237534941,0.360737545883522,0.00167921658153715,"STOmics","Young"
"A11_38654705671200",0.34253791152279,0.656623177479344,0.00083891099786632,"STOmics","Young"
"A11_38654705671400",0.00032929125513966,0.91690546875859,0.0827652399862706,"STOmics","Young"
"A11_38654705671600",0.000331475598308189,0.357149103246584,0.642519421155108,"STOmics","Young"
"A11_38654705672000",0.406091920850553,0.171616847019385,0.422291232130063,"STOmics","Young"
"A11_38654705672200",0.151572297545649,0.847855401600489,0.000572300853862057,"STOmics","Young"
"A11_38654705672600",0.00055795442753508,0.379943012486636,0.619499033085829,"STOmics","Young"
"A11_38654705672800",0.0352644647205116,0.084462388431944,0.880273146847544,"STOmics","Young"
"A11_38654705673000",0.000303089319376147,0.322940681205004,0.67675622947562,"STOmics","Young"
"A11_38654705673200",0.000562312883359466,0.370091280671313,0.629346406445328,"STOmics","Young"
"A11_38654705673400",0.000369998286495613,0.818691099155787,0.180938902557718,"STOmics","Young"
"A11_38654705673600",0.233028447685613,0.766117743176131,0.000853809138255717,"STOmics","Young"
"A11_38654705673800",0.242424640454623,0.757071101986593,0.000504257558783633,"STOmics","Young"
"A11_38654705674000",0.000474313586401033,0.431939464638265,0.567586221775334,"STOmics","Young"
"A11_38654705674200",0.000500296011943042,0.483284388370299,0.516215315617758,"STOmics","Young"
"A11_38654705674400",0.11499792414512,0.0973841462215897,0.78761792963329,"STOmics","Young"
"A11_38654705674600",0.00046047683825858,0.621519892358668,0.378019630803073,"STOmics","Young"
"A11_38654705674800",0.0001903292377109,0.523128055239015,0.476681615523274,"STOmics","Young"
"A11_38654705675000",0.0469696378953797,0.626908283971892,0.326122078132728,"STOmics","Young"
"A11_38654705675200",0.000555039385984275,0.560223103135297,0.439221857478719,"STOmics","Young"
"A11_38654705675400",0.00597888618327366,0.63343027850289,0.360590835313836,"STOmics","Young"
"A11_38654705675600",0.018252135015168,0.981174538171061,0.000573326813771172,"STOmics","Young"
"A11_38654705675800",0.553963792958393,0.23741958991196,0.208616617129647,"STOmics","Young"
"A11_38654705676000",0.112156810069078,0.886947270407116,0.000895919523806268,"STOmics","Young"
"A11_38654705676200",0.000428019308961105,0.731339264041864,0.268232716649175,"STOmics","Young"
"A11_38654705676400",0.000538157753556268,0.404089175921718,0.595372666324726,"STOmics","Young"
"A11_38654705676600",0.000481196099668357,0.51762358720409,0.481895216696241,"STOmics","Young"
"A11_38654705676800",0.000428133980037536,0.930076267385166,0.0694955986347963,"STOmics","Young"
"A11_38654705677200",0.00024443101140516,0.999493411034362,0.000262157954233287,"STOmics","Young"
"A11_38654705677400",0.244994441628783,0.754498014601677,0.00050754376954004,"STOmics","Young"
"A11_38654705677600",0.234146033913385,0.764951067453679,0.000902898632935745,"STOmics","Young"
"A11_38654705677800",0.0289387234712165,0.97049491448509,0.000566362043694015,"STOmics","Young"
"A11_38654705678000",0.000358425440690126,0.906927826860897,0.0927137476984128,"STOmics","Young"
"A11_38654705678200",0.0548830276781507,0.944565531099089,0.000551441222759971,"STOmics","Young"
"A11_38654705678400",0.215137501322011,0.784356255180513,0.000506243497475954,"STOmics","Young"
"A11_38654705678600",0.320928288507597,0.678608396739484,0.00046331475291878,"STOmics","Young"
"A11_38654705678800",0.000394538748827995,0.999210922502344,0.000394538748827969,"STOmics","Young"
"A11_38654705679000",0.00042807421392213,0.999143851572156,0.000428074213922145,"STOmics","Young"
"A11_38654705679200",0.0430707566244518,0.800331697195145,0.156597546180403,"STOmics","Young"
"A11_38654705679400",0.000196141349170238,0.429573964747921,0.570229893902908,"STOmics","Young"
"A11_38654705679600",0.0004554204923933,0.451262376437852,0.548282203069755,"STOmics","Young"
"A11_38654705679800",0.103409552186314,0.202691814902018,0.693898632911668,"STOmics","Young"
"A11_38654705680000",0.0109073179975421,0.62778383938164,0.361308842620818,"STOmics","Young"
"A11_38654705680400",0.140355263676776,0.616427889268739,0.243216847054485,"STOmics","Young"
"A11_38654705680600",0.169786045786572,0.829208053183394,0.00100590103003465,"STOmics","Young"
"A11_38654705680800",0.116128024575458,0.883336946566675,0.000535028857867484,"STOmics","Young"
"A11_38654705681000",0.0419711362869637,0.210959580082728,0.747069283630308,"STOmics","Young"
"A11_38654705681200",0.000305540777312768,0.320739551009817,0.678954908212871,"STOmics","Young"
"A11_38654705681400",0.000317576555510885,0.280549680578939,0.71913274286555,"STOmics","Young"
"A11_38654705681600",0.000450530820907252,0.798762492322905,0.200786976856188,"STOmics","Young"
"A11_38654705681800",0.000382621109056012,0.999234757781888,0.000382621109056043,"STOmics","Young"
"A11_38654705682000",0.288701066397384,0.710446619536066,0.000852314066549315,"STOmics","Young"
"A11_38654705682200",0.000218456333657928,0.999572726721275,0.000208816945067091,"STOmics","Young"
"A11_38654705682400",7.68757751943861e-05,0.344769295372234,0.655153828852572,"STOmics","Young"
"A11_38654705682600",0.000296952481486977,0.620835639176934,0.378867408341579,"STOmics","Young"
"A11_38654705682800",7.56762371389066e-05,0.258701617549362,0.741222706213499,"STOmics","Young"
"A11_38654705683000",0.000462543578200366,0.477441167471963,0.522096288949837,"STOmics","Young"
"A11_38654705683200",0.000491948150109432,0.412680408144664,0.586827643705226,"STOmics","Young"
"A11_38654705683400",0.0245375710063463,0.569286215049568,0.406176213944086,"STOmics","Young"
"A11_38654705683600",0.0065235300818056,0.479770415234007,0.513706054684187,"STOmics","Young"
"A11_38654705683800",0.000305179222253707,0.443065472845937,0.556629347931809,"STOmics","Young"
"A11_38654705684000",0.0111463889353406,0.334677628152144,0.654175982912516,"STOmics","Young"
"A11_38654705684200",0.000457050136020082,0.703687900294068,0.295855049569911,"STOmics","Young"
"A11_38654705684400",0.308909322891043,0.690603139746452,0.00048753736250434,"STOmics","Young"
"A11_38654705684600",0.46960792591525,0.0880759998391623,0.442316074245587,"STOmics","Young"
"A11_39513699129600",0.33625399767749,0.66272673812585,0.00101926419665964,"STOmics","Young"
"A11_39513699129800",0.000385949639401505,0.999123111365378,0.000490938995220063,"STOmics","Young"
"A11_39513699130000",0.203022249549081,0.796158322970134,0.000819427480784746,"STOmics","Young"
"A11_39513699130200",0.869197693874923,0.000593526256148075,0.130208779868929,"STOmics","Young"
"A11_39513699130400",0.619515855042664,0.379677816054304,0.00080632890303185,"STOmics","Young"
"A11_39513699130600",0.0880011362223485,0.670171927252627,0.241826936525024,"STOmics","Young"
"A11_39513699130800",0.000521797070851148,0.481046845972313,0.518431356956836,"STOmics","Young"
"A11_39513699131000",0.000465811842786251,0.50064623411902,0.498887954038194,"STOmics","Young"
"A11_39513699131200",0.236553366378527,0.762332443917244,0.00111418970422969,"STOmics","Young"
"A11_39513699131400",0.387250980572462,0.611741251015204,0.00100776841233391,"STOmics","Young"
"A11_39513699131600",0.000445471157223997,0.915521144362081,0.0840333844806951,"STOmics","Young"
"A11_39513699131800",0.000415965791992667,0.68115991272333,0.318424121484678,"STOmics","Young"
"A11_39513699132000",0.000503426459334422,0.375294484167238,0.624202089373428,"STOmics","Young"
"A11_39513699132200",0.000508674100126461,0.427594830969345,0.571896494930528,"STOmics","Young"
"A11_39513699132400",0.000944074789070228,0.420438434244943,0.578617490965986,"STOmics","Young"
"A11_39513699132600",0.000591094489813686,0.56147419191114,0.437934713599046,"STOmics","Young"
"A11_39513699132800",0.00512910750192232,0.723852712691341,0.271018179806737,"STOmics","Young"
"A11_39513699133000",0.000535736950378336,0.615299737795506,0.384164525254115,"STOmics","Young"
"A11_39513699133200",0.169140119668143,0.126239217817418,0.704620662514439,"STOmics","Young"
"A11_39513699133400",0.000522749771621215,0.997918426226055,0.00155882400232333,"STOmics","Young"
"A11_39513699133800",0.000311742887401727,0.491470096645236,0.508218160467362,"STOmics","Young"
"A11_39513699134000",0.120843123428266,0.440405251388811,0.438751625182923,"STOmics","Young"
"A11_39513699134200",0.0181161375507041,0.981526539909493,0.00035732253980248,"STOmics","Young"
"A11_39513699134400",0.000532385399162394,0.736222362200444,0.263245252400393,"STOmics","Young"
"A11_39513699134600",0.000393976835266992,0.665046951716764,0.334559071447969,"STOmics","Young"
"A11_39513699134800",0.000382362563105639,0.957943319952194,0.0416743174847009,"STOmics","Young"
"A11_39513699135000",0.241085644642947,0.758100041250168,0.000814314106884933,"STOmics","Young"
"A11_39513699135200",0.168810028664486,0.830278288713814,0.000911682621699696,"STOmics","Young"
"A11_39513699135400",0.0564179245084798,0.476000648760441,0.467581426731079,"STOmics","Young"
"A11_39513699135600",0.000512671697756651,0.680522221864415,0.318965106437829,"STOmics","Young"
"A11_39513699135800",0.000493289098157359,0.568360975170386,0.431145735731457,"STOmics","Young"
"A11_39513699136000",0.000468494606435962,0.921195160656708,0.0783363447368563,"STOmics","Young"
"A11_39513699136200",0.000482804532678772,0.771504471496139,0.228012723971182,"STOmics","Young"
"A11_39513699136400",0.0976153462817338,0.901411018632888,0.00097363508537824,"STOmics","Young"
"A11_39513699136600",0.730136137922715,0.268925020246294,0.000938841830990361,"STOmics","Young"
"A11_39513699136800",0.546304889903886,0.453158981044471,0.000536129051643341,"STOmics","Young"
"A11_39513699137200",0.00716679030216472,0.992208392970352,0.000624816727483848,"STOmics","Young"
"A11_39513699137400",0.000517565009413295,0.754866340554582,0.244616094436005,"STOmics","Young"
"A11_39513699137600",0.139846901949002,0.85925213997624,0.000900958074758482,"STOmics","Young"
"A11_39513699137800",0.204149006645344,0.484627131490661,0.311223861863995,"STOmics","Young"
"A11_39513699138000",0.000449019316345709,0.610381420551887,0.389169560131767,"STOmics","Young"
"A11_39513699138200",0.000366399572637108,0.633958466530307,0.365675133897056,"STOmics","Young"
"A11_39513699138400",0.000284668107677113,0.775824198924919,0.223891132967404,"STOmics","Young"
"A11_39513699138600",0.000287088864167907,0.416743549120261,0.582969362015571,"STOmics","Young"
"A11_39513699138800",0.000618620590614859,0.647178774885167,0.352202604524219,"STOmics","Young"
"A11_39513699139000",0.00044862397654807,0.523363648191783,0.476187727831669,"STOmics","Young"
"A11_39513699139200",0.0409966280191852,0.847720366067562,0.111283005913253,"STOmics","Young"
"A11_39513699139400",0.320861257581465,0.678314793019909,0.000823949398625398,"STOmics","Young"
"A11_39513699139600",0.634823261635448,0.364329308051195,0.000847430313357559,"STOmics","Young"
"A11_39513699139800",0.454464040537914,0.544793816838864,0.000742142623222255,"STOmics","Young"
"A11_39513699140000",0.117232244910812,0.882156183695374,0.000611571393814032,"STOmics","Young"
"A11_39513699140200",0.000478529983726855,0.525847115649095,0.473674354367178,"STOmics","Young"
"A11_39513699140400",0.000311399670199426,0.24640883588733,0.75327976444247,"STOmics","Young"
"A11_39513699140600",0.0794429844504564,0.57784405501873,0.342712960530814,"STOmics","Young"
"A11_39513699140800",0.000436308627042022,0.716654013434358,0.2829096779386,"STOmics","Young"
"A11_39513699141000",0.299109715489735,0.167336691941848,0.533553592568417,"STOmics","Young"
"A11_39513699141200",0.566338872230608,0.433342764477617,0.000318363291774734,"STOmics","Young"
"A11_39513699141400",0.000274177431546952,0.942907429615969,0.0568183929524836,"STOmics","Young"
"A11_39513699141600",0.000490489738436563,0.490971896471622,0.508537613789941,"STOmics","Young"
"A11_39513699141800",0.000289491667096441,0.500464915151759,0.499245593181145,"STOmics","Young"
"A11_39513699142000",0.000116984030477977,0.433260863578339,0.566622152391183,"STOmics","Young"
"A11_39513699142200",0.000295672614673138,0.461369086415993,0.538335240969334,"STOmics","Young"
"A11_39513699142400",0.00589694830093952,0.706951048318068,0.287152003380993,"STOmics","Young"
"A11_39513699142600",0.299869272232487,0.501689643343464,0.198441084424049,"STOmics","Young"
"A11_39513699142800",0.0445342840987168,0.955251466093066,0.000214249808216607,"STOmics","Young"
"A11_39513699143000",0.508902990642073,0.490297777204739,0.000799232153187763,"STOmics","Young"
"A11_39513699143200",0.146623034932101,0.853060686633625,0.000316278434273804,"STOmics","Young"
"A11_39513699143400",0.41108337845807,0.170856539248131,0.418060082293799,"STOmics","Young"
"A11_40372692588400",0.314755446107013,0.684225542417834,0.00101901147515227,"STOmics","Young"
"A11_40372692588600",0.361725981917209,0.637232170901349,0.00104184718144171,"STOmics","Young"
"A11_40372692588800",0.410791337431761,0.428469240275909,0.16073942229233,"STOmics","Young"
"A11_40372692589000",0.0862160079506274,0.9132591342596,0.000524857789772783,"STOmics","Young"
"A11_40372692589200",0.395455815943513,0.571623468311503,0.0329207157449832,"STOmics","Young"
"A11_40372692589400",0.690178210210797,0.309480842369437,0.000340947419765945,"STOmics","Young"
"A11_40372692590000",0.130189426222139,0.868907612125026,0.000902961652834857,"STOmics","Young"
"A11_40372692590200",0.000459841648128823,0.829876278531546,0.169663879820325,"STOmics","Young"
"A11_40372692590400",0.00042881614323105,0.688730881802752,0.310840302054017,"STOmics","Young"
"A11_40372692590600",0.23708627498982,0.76191674757784,0.000996977432339879,"STOmics","Young"
"A11_40372692590800",0.38490114865093,0.61394427617328,0.00115457517579018,"STOmics","Young"
"A11_40372692591000",0.000455114322476291,0.99898515661961,0.000559729057913417,"STOmics","Young"
"A11_40372692591200",0.000481840084403934,0.586400094101438,0.413118065814158,"STOmics","Young"
"A11_40372692591400",0.00051649573568158,0.577054791212813,0.422428713051505,"STOmics","Young"
"A11_40372692591600",0.000524463331722793,0.559142441907131,0.440333094761146,"STOmics","Young"
"A11_40372692591800",0.000428263767942443,0.695911732043103,0.303660004188954,"STOmics","Young"
"A11_40372692592000",0.000377523177351278,0.735505682420733,0.264116794401916,"STOmics","Young"
"A11_40372692592200",0.00048814611895952,0.648540506563887,0.350971347317153,"STOmics","Young"
"A11_40372692592400",0.000427412757057417,0.872483106027556,0.127089481215387,"STOmics","Young"
"A11_40372692592600",0.0938793322698647,0.602529006912789,0.303591660817346,"STOmics","Young"
"A11_40372692592800",0.142546756524846,0.258291055292717,0.599162188182437,"STOmics","Young"
"A11_40372692593000",0.191846563109625,0.8076533447363,0.000500092154075338,"STOmics","Young"
"A11_40372692593200",0.293567661459933,0.705504492450599,0.000927846089467235,"STOmics","Young"
"A11_40372692593400",0.0993431840017407,0.899760264742182,0.000896551256077053,"STOmics","Young"
"A11_40372692593600",0.0965466356121066,0.902385143669573,0.00106822071832014,"STOmics","Young"
"A11_40372692593800",0.000389981448260195,0.45398070452431,0.54562931402743,"STOmics","Young"
"A11_40372692594000",0.00051135659956806,0.661067317130819,0.338421326269613,"STOmics","Young"
"A11_40372692594200",0.000630632350890316,0.774615381104374,0.224753986544735,"STOmics","Young"
"A11_40372692594400",0.022310038571499,0.386540034598545,0.591149926829955,"STOmics","Young"
"A11_40372692594600",0.0221195051702397,0.506218957014594,0.471661537815166,"STOmics","Young"
"A11_40372692594800",0.0601671524380103,0.82040352275526,0.119429324806729,"STOmics","Young"
"A11_40372692595000",0.2209548983798,0.778522265438242,0.000522836181958321,"STOmics","Young"
"A11_40372692595200",0.125023818726379,0.868065919235185,0.00691026203843702,"STOmics","Young"
"A11_40372692595600",0.544359921044691,0.454117546553111,0.00152253240219814,"STOmics","Young"
"A11_40372692595800",0.45804213794131,0.540540525524005,0.00141733653468522,"STOmics","Young"
"A11_40372692596000",0.449111738049724,0.549614859453706,0.00127340249656969,"STOmics","Young"
"A11_40372692596200",0.605679952779618,0.392939503628577,0.00138054359180536,"STOmics","Young"
"A11_40372692596400",0.0715805760181279,0.927847803734998,0.000571620246874658,"STOmics","Young"
"A11_40372692596600",0.000521876911570992,0.674782767160269,0.32469535592816,"STOmics","Young"
"A11_40372692596800",0.000488423246840771,0.444411041277372,0.555100535475787,"STOmics","Young"
"A11_40372692597000",0.0425842446561629,0.554845504619945,0.402570250723892,"STOmics","Young"
"A11_40372692597200",0.0279653215350647,0.633716926664872,0.338317751800063,"STOmics","Young"
"A11_40372692597400",0.075117301486046,0.910559003925241,0.0143236945887135,"STOmics","Young"
"A11_40372692597600",0.000516245102243982,0.615965999884911,0.383517755012845,"STOmics","Young"
"A11_40372692597800",0.311799327432208,0.687181981021686,0.00101869154610592,"STOmics","Young"
"A11_40372692598000",0.000326046046131727,0.999343055620593,0.000330898333275318,"STOmics","Young"
"A11_40372692598200",0.0671081785544138,0.932582232827156,0.000309588618430296,"STOmics","Young"
"A11_40372692598400",0.572096386981208,0.426880467668043,0.00102314535074882,"STOmics","Young"
"A11_40372692598600",0.642918370447853,0.108475561883584,0.248606067668563,"STOmics","Young"
"A11_40372692598800",0.667999492647541,0.262298771328168,0.0697017360242907,"STOmics","Young"
"A11_40372692599000",0.596928659095733,0.323391928062862,0.0796794128414049,"STOmics","Young"
"A11_40372692599200",0.158631571367289,0.840425886712795,0.0009425419199153,"STOmics","Young"
"A11_40372692599400",0.000468196732887599,0.365236596223064,0.634295207044048,"STOmics","Young"
"A11_40372692599600",0.0225096609106377,0.446358646951745,0.531131692137618,"STOmics","Young"
"A11_40372692599800",0.266621290742704,0.160416067559307,0.572962641697989,"STOmics","Young"
"A11_40372692600000",0.295239556181343,0.703797398801644,0.000963045017013473,"STOmics","Young"
"A11_40372692600200",0.408495576421244,0.590081580978732,0.00142284260002299,"STOmics","Young"
"A11_40372692600400",0.584608554352078,0.000453372288160004,0.414938073359762,"STOmics","Young"
"A11_40372692600600",0.000371438627477686,0.999248643066209,0.000379918306313381,"STOmics","Young"
"A11_40372692600800",0.000189078422687689,0.467527368765164,0.532283552812148,"STOmics","Young"
"A11_40372692601000",0.000316175534657516,0.414368153949603,0.58531567051574,"STOmics","Young"
"A11_40372692601200",0.000476744980719736,0.70976396621503,0.28975928880425,"STOmics","Young"
"A11_40372692601400",0.0136212769043548,0.874187375793956,0.112191347301689,"STOmics","Young"
"A11_40372692601600",0.296556677880973,0.703036042451774,0.000407279667253663,"STOmics","Young"
"A11_40372692601800",0.786304619480514,0.000519960545866828,0.213175419973619,"STOmics","Young"
"A11_40372692602000",0.478714355177631,0.429989007390104,0.0912966374322656,"STOmics","Young"
"A11_40372692602200",0.653715272503715,0.346101325308331,0.000183402187954442,"STOmics","Young"
"A11_41231686047400",0.0242554044186361,0.974896851766783,0.000847743814580813,"STOmics","Young"
"A11_41231686047600",0.19593990689857,0.803498659569752,0.000561433531678648,"STOmics","Young"
"A11_41231686047800",0.248076539661859,0.751071986213641,0.000851474124499111,"STOmics","Young"
"A11_41231686048000",0.39279065005565,0.606394054025111,0.000815295919239057,"STOmics","Young"
"A11_41231686048200",0.0903756663811577,0.908633385338869,0.000990948279973818,"STOmics","Young"
"A11_41231686048400",0.461981936489572,0.53692463859878,0.00109342491164807,"STOmics","Young"
"A11_41231686048600",0.824649452989281,0.0590844019707144,0.116266145040004,"STOmics","Young"
"A11_41231686048800",0.906196220794558,0.0582936347715406,0.0355101444339011,"STOmics","Young"
"A11_41231686049000",0.924548861111985,0.000306066914927276,0.0751450719730875,"STOmics","Young"
"A11_41231686049200",0.701010445490539,0.29843363434548,0.0005559201639802,"STOmics","Young"
"A11_41231686049400",0.401993891911568,0.597055967829113,0.000950140259318598,"STOmics","Young"
"A11_41231686049600",0.0526029192567056,0.946805346339416,0.000591734403878626,"STOmics","Young"
"A11_41231686049800",0.000442555653168672,0.999114888693663,0.000442555653168679,"STOmics","Young"
"A11_41231686050000",0.00762081355740454,0.991770926496,0.000608259946595209,"STOmics","Young"
"A11_41231686050200",0.29689447112259,0.701752580931305,0.00135294794610511,"STOmics","Young"
"A11_41231686050400",0.214365587833967,0.784721132041699,0.000913280124333478,"STOmics","Young"
"A11_41231686050600",0.000693422712712024,0.998613154574576,0.000693422712712045,"STOmics","Young"
"A11_41231686050800",0.00026500345409185,0.674396516551663,0.325338479994245,"STOmics","Young"
"A11_41231686051000",0.202246161695979,0.796662568559218,0.00109126974480252,"STOmics","Young"
"A11_41231686051200",0.168723346422688,0.643193257139153,0.18808339643816,"STOmics","Young"
"A11_41231686051400",0.499186036048866,0.499245238440597,0.00156872551053651,"STOmics","Young"
"A11_41231686051600",0.474123406867258,0.524490518197435,0.0013860749353074,"STOmics","Young"
"A11_41231686051800",0.064461013584874,0.935020156258855,0.000518830156270614,"STOmics","Young"
"A11_41231686052000",0.202139072777368,0.796950080621995,0.000910846600637436,"STOmics","Young"
"A11_41231686052200",0.570529485546822,0.0210877698745195,0.408382744578658,"STOmics","Young"
"A11_41231686052400",0.452178080974608,0.488231149269452,0.0595907697559399,"STOmics","Young"
"A11_41231686052600",0.137130002340649,0.862274191261907,0.000595806397443896,"STOmics","Young"
"A11_41231686052800",0.000385710301768601,0.865739444772943,0.133874844925289,"STOmics","Young"
"A11_41231686053000",0.041602890018401,0.957711401395222,0.000685708586376969,"STOmics","Young"
"A11_41231686053200",0.000676901938941585,0.998622273077341,0.000700824983717285,"STOmics","Young"
"A11_41231686053400",0.0170680843439169,0.859289273685214,0.123642641970869,"STOmics","Young"
"A11_41231686053600",0.0731533760020633,0.744635421694465,0.182211202303471,"STOmics","Young"
"A11_41231686053800",0.000625668422118655,0.999006597576861,0.000367734001020431,"STOmics","Young"
"A11_41231686054000",0.148784287764561,0.322123699773581,0.529092012461858,"STOmics","Young"
"A11_41231686054200",0.457110177090527,0.386235820990416,0.156654001919057,"STOmics","Young"
"A11_41231686054400",0.231162660356997,0.768019338953729,0.000818000689273993,"STOmics","Young"
"A11_41231686054600",0.06081925411058,0.839731784209065,0.0994489616803553,"STOmics","Young"
"A11_41231686054800",0.0794882838726707,0.919558587930287,0.000953128197042117,"STOmics","Young"
"A11_41231686055000",0.116291306723513,0.883135136048279,0.000573557228208526,"STOmics","Young"
"A11_41231686055200",0.0737144530761975,0.805040902842067,0.121244644081735,"STOmics","Young"
"A11_41231686055400",0.0954245861768978,0.694434046384713,0.210141367438389,"STOmics","Young"
"A11_41231686055600",0.18119468970478,0.817938201148193,0.000867109147027486,"STOmics","Young"
"A11_41231686055800",0.000549098917075225,0.699515399020998,0.299935502061926,"STOmics","Young"
"A11_41231686056000",0.000511941460599475,0.599623151365205,0.399864907174196,"STOmics","Young"
"A11_41231686056200",0.0445040525836487,0.174190984822234,0.781304962594117,"STOmics","Young"
"A11_41231686056400",0.0858221760594049,0.000357894587926632,0.913819929352668,"STOmics","Young"
"A11_41231686056600",0.000394025972198759,0.837303614330904,0.162302359696897,"STOmics","Young"
"A11_41231686056800",0.349843474279524,0.648983840288347,0.00117268543212881,"STOmics","Young"
"A11_41231686057000",0.396950255520895,0.60210441767786,0.000945326801244879,"STOmics","Young"
"A11_41231686057200",0.488731245099556,0.509858104482275,0.00141065041816849,"STOmics","Young"
"A11_41231686057400",0.0450334225428118,0.953989726320626,0.000976851136562474,"STOmics","Young"
"A11_41231686057600",0.000398522618495131,0.99484901010241,0.00475246727909507,"STOmics","Young"
"A11_41231686057800",0.00046434749196865,0.912430507041629,0.087105145466402,"STOmics","Young"
"A11_41231686058000",0.195333093621632,0.803799592057686,0.000867314320681637,"STOmics","Young"
"A11_41231686058200",0.397208174560219,0.601391514623163,0.00140031081661844,"STOmics","Young"
"A11_41231686058400",0.000384575370321216,0.999180830342205,0.000434594287473749,"STOmics","Young"
"A11_41231686058600",0.000492473783699608,0.538811677539672,0.460695848676629,"STOmics","Young"
"A11_41231686058800",0.329792432250343,0.669422475321414,0.000785092428243233,"STOmics","Young"
"A11_41231686059000",0.420588767838689,0.579021744670284,0.000389487491026291,"STOmics","Young"
"A11_41231686059200",0.606622253127545,0.338862736928955,0.0545150099435001,"STOmics","Young"
"A11_41231686059400",0.434827365818441,0.563904636057265,0.00126799812429422,"STOmics","Young"
"A11_41231686059600",0.161250684038156,0.837762649713776,0.000986666248068656,"STOmics","Young"
"A11_41231686059800",0.391192765247978,0.60761473019444,0.00119250455758233,"STOmics","Young"
"A11_41231686060000",0.000289665170441763,0.999420669659116,0.000289665170441768,"STOmics","Young"
"A11_41231686060200",0.0248474319211401,0.70285333584048,0.27229923223838,"STOmics","Young"
"A11_41231686060400",0.000549954205022508,0.672157146652763,0.327292899142214,"STOmics","Young"
"A11_41231686060600",0.000181061269762334,0.199893676260159,0.799925262470079,"STOmics","Young"
"A11_41231686060800",0.000288743874716067,0.674071478220068,0.325639777905216,"STOmics","Young"
"A11_41231686061000",0.309631859126304,0.689623011285318,0.000745129588378014,"STOmics","Young"
"A11_41231686061200",0.813122464926411,0.000339027871331703,0.186538507202257,"STOmics","Young"
"A11_42090679506600",0.000487497501492475,0.701871227051564,0.297641275446944,"STOmics","Young"
"A11_42090679506800",0.00030421296480316,0.539817341456723,0.459878445578474,"STOmics","Young"
"A11_42090679507000",0.00034506355816041,0.999305973144735,0.00034896329710439,"STOmics","Young"
"A11_42090679507200",0.00062457532379136,0.998750849352417,0.000624575323791338,"STOmics","Young"
"A11_42090679507400",0.348445257115105,0.176603351198406,0.474951391686489,"STOmics","Young"
"A11_42090679507600",0.577685202890512,0.411274013254024,0.0110407838554637,"STOmics","Young"
"A11_42090679507800",0.477782224811407,0.440716492269011,0.0815012829195825,"STOmics","Young"
"A11_42090679508000",0.440054812463728,0.558911801254434,0.00103338628183858,"STOmics","Young"
"A11_42090679508200",0.555380875378616,0.383145864390593,0.0614732602307909,"STOmics","Young"
"A11_42090679508400",0.640873779615092,0.26911561561105,0.0900106047738583,"STOmics","Young"
"A11_42090679508600",0.746526595835643,0.236979764715759,0.0164936394485983,"STOmics","Young"
"A11_42090679508800",0.421350323091448,0.26573169126968,0.312917985638872,"STOmics","Young"
"A11_42090679509000",0.000375566637164558,0.999190022570879,0.000434410791956514,"STOmics","Young"
"A11_42090679509200",0.0430631279036493,0.385165109669701,0.57177176242665,"STOmics","Young"
"A11_42090679509400",0.288281263604968,0.710583719242109,0.0011350171529225,"STOmics","Young"
"A11_42090679509600",0.423119715976009,0.575570913011894,0.00130937101209725,"STOmics","Young"
"A11_42090679509800",0.201047593315932,0.797954847621921,0.000997559062147022,"STOmics","Young"
"A11_42090679510200",0.000470356574250998,0.546760718602187,0.452768924823562,"STOmics","Young"
"A11_42090679510400",0.402050011923504,0.597130134730998,0.000819853345498019,"STOmics","Young"
"A11_42090679510600",0.440922895545833,0.32861709872932,0.230460005724847,"STOmics","Young"
"A11_42090679510800",0.797521416293552,0.00065750710428264,0.201821076602165,"STOmics","Young"
"A11_42090679511000",0.701185152751338,0.085284637115226,0.213530210133436,"STOmics","Young"
