"","B cell","erythroblast","granulocyte","immature NKT cell","macrophage","macrophage dendritic cell progenitor","mature NK T cell","megakaryocyte-erythroid progenitor cell","NK cell","plasma cell","proerythroblast","T cell","Tech","age"
"A21_44667659895000",0.0388016039262834,0.159575186257278,0.00010631512859587,0.000106315128709017,0.507889581912943,0.0530519556872735,0.000106315128708684,0.0618171644254953,0.000106315128709016,0.0372274812855992,0.0123575974313217,0.128854168559084,"STOmics","Aged"
"A21_51539607568600",0.397532926572229,0.0154494466978982,9.98975707448901e-05,0.0454747776835037,0.230828755890669,0.041840604204301,0.00223432645426391,0.00726131577184154,9.98975760617871e-05,0.0394398044164725,0.00686216260147977,0.212876084560535,"STOmics","Aged"
"A21_59270548697400",5.00936499685847e-05,0.418654794473859,0.0058045147222658,0.0276983992319746,0.171797924258426,0.0130795290562982,5.00936499698678e-05,0.310114568888909,0.000143385209323303,0.0305131631597734,5.0093649968585e-05,0.0220434400492642,"STOmics","Aged"
"A21_46385646813800",6.70448726518068e-05,0.333368006382674,6.70448712040686e-05,6.70448726518075e-05,0.494751042976473,0.0184169119158034,6.7044872653429e-05,0.0912351992800942,0.000608153897969131,0.0405062589592735,6.70448726518086e-05,0.0207792022258997,"STOmics","Aged"
"A21_39513699139000",0.151733559152843,0.262302245511223,0.00446941640271844,0.0353003590771314,0.322532077322261,0.00673040076835433,9.02582604759277e-05,0.103269917776521,0.0109900535151844,0.0472023238498818,0.00731704370543876,0.0480623446579665,"STOmics","Aged"
"A21_45526653354800",0.0515320426942871,0.308989112577064,7.24700315703818e-05,0.0336319152315834,0.264517919448302,0.0118074460386449,7.24700314796062e-05,0.154151451858194,7.24700314893656e-05,0.0644440540717709,0.0766195543797147,0.0340890936058988,"STOmics","Aged"
"A21_44667659890200",0.26522169416214,0.245976472290843,0.000167584628559062,0.000167584628754363,0.290706892839982,0.0309346422637759,0.000167584628764735,0.120606894602515,0.000167584628752267,0.00239935136860968,0.0274812027127492,0.0160025112445553,"STOmics","Aged"
"A21_54116587943800",0.246811748423565,0.0386663819862796,9.17082014821767e-05,0.0587402150793768,0.381976771785021,0.0288998145649678,9.17082137542352e-05,0.0199329714057794,9.17082139622754e-05,0.0656891153606828,0.0342177564638345,0.124790100301295,"STOmics","Aged"
"A21_41231686054600",0.304117017769332,0.0124102816506997,0.000162812320998367,0.233348228820497,0.328547000661174,0.000162812321101247,0.000162812321101247,0.0230283681536918,0.000162812321100622,0.0582929229932864,0.0368761179558251,0.00272881271119293,"STOmics","Aged"
"A21_51539607562600",0.113567814616315,0.0217933962130605,0.000147632318277686,0.0200828380918196,0.314895136963459,0.062037671709135,0.0311640346266176,0.0147808204123749,0.000147632325456773,0.0534287664450207,0.0081091280425979,0.359845128235865,"STOmics","Aged"
"A21_53257594480800",0.262848044150155,0.0185282141259422,0.000105455286590827,0.0443150836773755,0.317673594198819,0.0142604601825216,0.0418127306955465,0.0296425043787405,0.000105455300884481,0.0352579439348634,0.000139477701878133,0.235311036366683,"STOmics","Aged"
"A21_53257594481600",0.130313300610653,0.0085621731654964,0.000150191951722043,0.0544079623260221,0.310650159094619,0.000150191952163863,0.0817393705038669,0.0236014926010881,0.00015019195221338,0.0319478294884716,0.0323079616033967,0.326019174750288,"STOmics","Aged"
"A21_57552561781200",0.0173858434489325,0.476616733055128,4.2310612725503e-05,0.0347688972469336,0.103747136194556,0.00112491772735093,4.23106127308042e-05,0.28688395717715,4.23106127282927e-05,0.0466355943635669,0.032667678335469,4.23106127287446e-05,"STOmics","Aged"
"A21_37795712217800",0.0864509394353263,0.335393957995941,0.000121798709444557,0.0435535664659724,0.176421098263004,0.0215760916417171,0.000121798709590223,0.190670643253509,0.000121798709592808,0.0470519577446738,0.0265718983489023,0.0719444507223261,"STOmics","Aged"
"A21_51539607561200",0.36658011186495,0.0122914233716866,0.000159563087234462,0.0618643309957418,0.229099263571895,0.0595208294036632,0.000159563099155417,0.00523186257074169,0.0001595630991513,0.0873073876829457,0.0270607954020443,0.150565305850791,"STOmics","Aged"
"A21_52398601024200",4.33287861950782e-05,0.387690333500087,4.33287861621422e-05,0.0271925578659388,0.116650452329123,0.00482441920883132,4.33287861971674e-05,0.425649658874685,4.33287861969672e-05,0.0377326055042257,4.33287861634847e-05,4.3328786195078e-05,"STOmics","Aged"
"A21_53257594481400",0.143901970783986,0.0128045748584774,0.000156909815673187,0.0318672208077691,0.337434249688284,0.0408535513024971,0.119569672269251,0.00592366644894411,0.00015690980280766,0.0510241446207707,0.0367072117540788,0.219599917847461,"STOmics","Aged"
"A21_54116587941000",0.313344396698843,0.115538264404722,0.000157367078497172,0.0638480168929223,0.249989649444809,0.044426721018082,0.000157367077150997,0.0330906942149178,0.000275638272649213,0.0610084952833556,0.0585965805705103,0.0595668090435404,"STOmics","Aged"
"A21_37795712217400",0.137790776704938,0.286033933219798,0.000104636085402023,0.000104636085504074,0.106619730845618,0.0200789216336354,0.0325119280609099,0.174614748064831,0.000104636085507622,0.0394707130490392,0.155753135079671,0.0468122050851467,"STOmics","Aged"
"A21_39513699135200",0.169966629782036,0.217156069392694,0.00530044928434486,0.00590320258914875,0.224394128171348,0.0360550305352818,0.000347932171753161,0.177020537108855,0.00272129203971424,0.0654901093802962,0.0442887022556177,0.0513559172889105,"STOmics","Aged"
"A21_39513699135400",0.142827770643672,0.224256662505682,0.0209850670193044,0.03253475476762,0.162404385739075,0.043365319344072,0.000145531975498738,0.204395361970391,0.000145531975507975,0.0559419409996974,0.0184239811314566,0.0945736919280218,"STOmics","Aged"
"A21_41231686051800",0.0569925056806658,0.317694427320499,0.000109022000998625,0.0633547027414149,0.242264461825415,0.0411711932819653,0.00137413783225072,0.190703203513897,0.000109022000872776,0.0471521199493071,0.0389661818518445,0.000109022000869988,"STOmics","Aged"
"A21_42949672973200",0.0381169984256516,0.00958890225994082,6.9680298608499e-05,0.0469960912537575,0.469794553290277,0.0380339309370033,0.0145004400189984,0.0121991977788072,6.96802923648302e-05,0.0884062032515045,0.0549115998698329,0.227312722323253,"STOmics","Aged"
"A21_43808666435800",0.1111245413804,0.219110013233594,3.99812368452681e-05,0.0493629089984242,0.373362234991343,0.021644078027127,3.99812368482077e-05,0.0823867685351835,3.99812368484707e-05,0.0440370880721277,0.0426601981694177,0.0561922248818414,"STOmics","Aged"
"A21_44667659888400",0.00012644045818225,0.40640864986943,0.000126440460490763,0.00258434438317267,0.36035163320864,0.0257354494157187,0.000126440458182248,0.0988152210124805,0.000126440458164382,0.0491061409780544,0.000126440458189615,0.0563663588392942,"STOmics","Aged"
"A21_47244640272600",0.138827980183798,0.164068464544945,7.24059045774776e-05,0.0620808741124283,0.444591247043349,0.0657113125009045,7.24059045830461e-05,0.0043799714182541,7.24059045825657e-05,0.021604940837625,0.009613601960383,0.0889043896845706,"STOmics","Aged"
"A21_48103633725600",0.527958205618886,0.102088640019905,0.000108597503515985,0.0177629343479819,0.25459311477752,0.0228613076206481,0.00010859751437967,0.0207444725715352,0.000108597514383185,0.0279809302104263,0.0145940828014685,0.0110905194993494,"STOmics","Aged"
"A21_48103633727200",0.137254757543306,0.00626908303625376,0.000153342240542293,0.0490163401266536,0.432727574828186,0.0124228691951524,0.145228749763582,0.00864338956418602,0.000153342238813122,0.0429674097900703,0.010254794547253,0.154908347126001,"STOmics","Aged"
"A21_48962627189400",0.452528874890763,0.0248905404808277,0.000106437570601776,0.0504475345968161,0.228611548699311,0.0176443159731276,0.0748471793302009,0.00671242006897755,0.000106437569730643,0.0374297589778837,0.0244275790159629,0.0822473728257972,"STOmics","Aged"
"A21_53257594488800",2.94639513181993e-05,0.551754345585924,0.000372514992841595,2.94639513174535e-05,0.115764443584871,0.000766181615575399,2.94639513200681e-05,0.312321045222205,2.94639513165698e-05,0.0188446852906765,2.94639513173422e-05,2.94639513174475e-05,"STOmics","Aged"
"A21_39513699136200",0.232657129787602,0.244521305953331,0.0117275358793322,0.0589990472018099,0.185579792757597,0.0457818351703754,0.000241377647436333,0.107048637946931,0.000241377647478233,0.0410300631769918,0.00024137764744243,0.0719305191836726,"STOmics","Aged"
"A21_41231686057800",0.172476708602969,0.237227559750655,0.000109627213936518,0.0141861212457797,0.276288683891798,0.0155439076147102,0.000109627213964739,0.205715185131267,0.000109627213988565,0.0456677038141482,0.0160410903738738,0.0165241579329095,"STOmics","Aged"
"A21_42090679514400",0.207425386794226,0.00459605509530785,6.91980748215449e-05,0.000228889683359244,0.505816887216058,0.0573944708074917,6.91980656414319e-05,0.0161323085380787,6.91980656419057e-05,0.0795987616792595,0.051038601658562,0.0775610443215522,"STOmics","Aged"
"A21_45526653349800",0.0728653664271623,0.137346126097014,0.00213834563160323,0.0939275649379383,0.364871310929491,0.0603047497055787,0.0104625140096796,0.037955208245481,0.000242262194934503,0.0527289358771969,0.0175789458191712,0.14957867012475,"STOmics","Aged"
"A21_52398601026400",0.304728982547639,0.013322698409849,9.75600645908573e-05,0.0417101644659285,0.348908520147776,0.035512544537496,0.00299494931726383,0.00448541584240176,9.75600775178153e-05,0.044924384224488,0.0305998884224197,0.17261733194263,"STOmics","Aged"
"A21_54975581403400",0.0136888463084206,0.337622839831322,6.33787163783057e-05,0.0147273674876175,0.254851072921901,0.0142152263047736,0.00740379063660016,0.213057289533607,0.00449206923031593,0.0983730199818346,6.33787163882592e-05,0.0414417203308414,"STOmics","Aged"
"A21_37795712219600",0.135744968221859,0.291725354125839,0.00010334946890349,0.0803065745762592,0.231459150566943,0.0154496459623106,0.000103349468919641,0.132824430360941,0.00293825107742336,0.0400703089967705,0.0424657404616135,0.0268088767122173,"STOmics","Aged"
"A21_37795712220800",0.223298508739281,0.380545157225722,6.48483893692796e-05,0.0415942354521914,0.181814384174396,0.0126234741977509,6.48483893378654e-05,0.0456846351992284,6.48483893410919e-05,0.0281397446993064,0.0337529217971942,0.0523523933468811,"STOmics","Aged"
"A21_39513699135000",0.142700808294406,0.222844556584317,0.000583827058190123,0.0237788168680221,0.176482903949279,0.0653339260463165,0.043392229781842,0.162902400434518,0.000891540445620755,0.0638434803814866,0.0473473108715019,0.0498981992845002,"STOmics","Aged"
"A21_40372692594400",0.19688888111794,0.264823096570484,0.01089298216432,0.0249069106711973,0.136754381571141,0.0281075481589742,0.000314606323704609,0.181905586609847,0.00031460632364009,0.043692076345778,0.00552031990309973,0.105879004239874,"STOmics","Aged"
"A21_41231686055600",0.0831571429519322,0.043136737052805,0.000110298735083328,0.0486792358396449,0.491664964155177,0.0334806839991719,0.0038146252879872,0.0208585750442126,0.000110298739635716,0.114851157473496,0.0869474552051797,0.0731888255156748,"STOmics","Aged"
"A21_41231686056000",0.210929182426031,0.245712701600789,0.000175672032476217,0.000175672032524119,0.201629196147584,0.0316018521946487,0.000175672032519758,0.19727148437985,0.000175672032491867,0.0261120110271795,0.0379085435086943,0.0481323405852111,"STOmics","Aged"
"A21_42090679511200",0.0272351691482164,0.415090559773936,0.000144507878983383,0.0250231136642188,0.144762699227109,0.0183760050926956,0.000144507878951592,0.334010577565231,0.000144507878975423,0.0213633921633876,0.000144507878956115,0.0135604518493387,"STOmics","Aged"
"A21_42090679518000",0.121838450022529,0.340661450378933,0.000153565083031251,0.0238451912204817,0.206467322958255,0.0330034247416682,0.00978256153167802,0.180733233745539,0.0118702660008863,0.0231071686567393,0.0153655580935794,0.0331718075666792,"STOmics","Aged"
"A21_43808666429200",0.130008776672939,0.335342093821772,0.000115811939057349,0.00728302132382601,0.246142840044354,0.0249526627999055,0.0074015514830509,0.179529194251955,0.000115811939422837,0.0534096984542654,0.0155798904651155,0.000118646804335536,"STOmics","Aged"
"A21_43808666429600",0.0187765311252483,0.284940381454921,0.00303004747068438,0.0338791389103246,0.267201487666542,0.0164770346342896,0.000181036547305549,0.166868798413143,0.000181036547281508,0.138479151068962,0.0163848923675309,0.0536004637937682,"STOmics","Aged"
"A21_45526653355600",0.0616841045028223,0.302728873883322,5.71073365073997e-05,6.91870368411654e-05,0.189929511873045,0.0136935930205283,5.71073364828498e-05,0.26065999896444,5.71073364828495e-05,0.0468393978736769,0.0125372414853971,0.111686769350454,"STOmics","Aged"
"A21_46385646809000",0.281126617718428,0.110186058105279,0.000165301672434771,0.030619016852958,0.31102509630059,0.0481912627399105,0.0185342162901552,0.0577318380560177,0.000165301672022092,0.0484082356651096,0.0444673627195049,0.0493796922075898,"STOmics","Aged"
"A21_47244640267200",0.219792199918487,0.0252546295206397,0.000230156645938705,0.0764253246327885,0.281780124519404,0.0125194397981147,0.00263536026015127,0.00291329000379977,0.000230156638173699,0.0502732335253391,0.0259291145720597,0.302016969965105,"STOmics","Aged"
"A21_48103633728200",0.432721574040833,0.0957764363111417,0.00118288572065317,0.0387950893406721,0.208529355621186,0.0178049859659949,0.000162169505810634,0.0289887129331169,0.00016216950581807,0.0388700618191562,0.0138781215121778,0.123128437723439,"STOmics","Aged"
"A21_48962627186400",0.191335089023923,0.0121356958649337,0.000150596325236843,0.0508686770335427,0.335813258427055,0.0310750113952451,0.131282726289875,0.00625730497985256,0.000150596318461259,0.0464372020307795,0.0296033008129572,0.164890541498138,"STOmics","Aged"
"A21_49821620650000",0.247932758867387,0.0155043619370138,6.09153439877634e-05,0.0894498103326627,0.342013186398355,0.019185808609002,0.0841873379262906,6.09153436763417e-05,6.09153436763418e-05,0.0319346565530546,0.0101850853879116,0.159424247956982,"STOmics","Aged"
"A21_50680614106400",0.0195615546073552,0.364901289944282,7.16760928863662e-05,7.16760928843067e-05,0.208846310251063,0.0418100811217143,7.16760928943845e-05,0.152246177627873,7.16760928955254e-05,0.111670212604583,0.0265022439560483,0.0741754255155207,"STOmics","Aged"
"A21_52398601025400",0.192027246886499,0.00936793109271411,9.44094641748485e-05,0.0953777241792325,0.32352823478544,0.0227808960946647,9.44094757420846e-05,0.0221429457472517,9.44094757420865e-05,0.0588367085630776,0.0336009401503017,0.242054144085159,"STOmics","Aged"
"A21_52398601027400",0.178166011843923,0.0148803377553697,0.000137500236383444,0.090724186300329,0.282989549197195,0.0366357744567584,0.0271678775911528,0.0178246582426982,0.000137500257547633,0.056163775666297,0.031514989309006,0.26365783914334,"STOmics","Aged"
"A21_52398601029800",9.4766089721423e-05,0.280053580328951,0.0341985563507319,0.0374677144294532,0.265620963741665,0.0361999059699319,9.47660897221499e-05,0.189461149551331,9.47660897241771e-05,0.0625656870946894,0.0539253925446801,0.0402227517193984,"STOmics","Aged"
"A21_53257594482600",0.318085635769022,0.0744334912460953,0.000154469411630168,0.0450460791935225,0.339460021871593,0.0295593260201772,0.000154469411838013,0.0248604555595831,0.000154469411837511,0.0399287353954159,0.0384671548898606,0.0896956918194246,"STOmics","Aged"
"A21_53257594484600",0.184459076695406,0.0166080199611598,9.41639529345814e-05,0.0593134717298934,0.373328825653516,0.0577903351641526,0.0231627278827693,0.00367844296948419,0.00760105814215798,0.0606094269182967,0.0115901787724755,0.201764272157754,"STOmics","Aged"
"A21_53257594487000",0.246968707322698,0.0191423194264862,9.92133948922472e-05,0.0777080658337649,0.3251986894868,0.0255007454077353,0.0530881915119092,0.0181433334862856,9.92133949150422e-05,0.023835795337547,0.0101199808275063,0.20009574456946,"STOmics","Aged"
"A21_56693568316800",0.0109771916292652,0.611830050477707,1.77244994770874e-05,1.77245010622708e-05,0.109206297768109,1.77245010622855e-05,1.77245010628926e-05,0.264313979583943,1.77245010620915e-05,0.00137914391262044,1.77245024099203e-05,0.00218698962221903,"STOmics","Aged"
"A21_57552561782600",6.76243437114062e-05,0.409339867700113,0.0459209013654695,0.0241444566128504,0.280955193722181,0.0238081379607971,6.76243437119249e-05,0.105008056613317,0.00223922644040134,0.0752545636939891,0.0199072860569825,0.0132870611464766,"STOmics","Aged"
"A21_60129542156600",3.21867455639069e-05,0.581885655310713,3.21867456000709e-05,3.21867455639098e-05,0.0807019252789028,0.0204771744125374,3.2186745334176e-05,0.294458750189637,3.21867455621801e-05,0.0218345867725175,3.86491385007211e-05,0.000442325169567505,"STOmics","Aged"
"A21_60988535618600",8.74551050350552e-05,0.492716837710548,8.74551049890702e-05,0.0261736753174083,0.144951706349665,0.0131937630339895,8.74551047229081e-05,0.200602318425874,8.74551050292731e-05,0.0876626768787321,0.00735451377320926,0.0269946880907987,"STOmics","Aged"
"A21_36936718759600",0.0453012226282193,0.3960032263964,0.000132715950031641,0.00211218242692942,0.158098801575367,0.0133079324367284,0.000132715950086272,0.326822551841504,0.000132715950132072,0.0121293299120681,0.00479428355778156,0.0410323213747513,"STOmics","Aged"
"A21_37795712219000",0.129876163575532,0.212543617124132,6.27690018570065e-05,6.2769001876792e-05,0.316867623490137,0.0276424078292581,6.27690018767923e-05,0.120439279192523,6.27690018767824e-05,0.0642721294204344,0.0344439851773155,0.0936637181831804,"STOmics","Aged"
"A21_41231686052400",0.141096170216093,0.3337050630875,0.00195285085495899,0.000299960163381998,0.123292560139013,0.0346131009288275,0.000299960163389928,0.201206479686226,0.00343662690903395,0.0324476821511523,0.00756276135547135,0.120086784344951,"STOmics","Aged"
"A21_43808666434400",0.078488509421177,0.38812778406789,0.0109482805872814,0.00855495564946513,0.176241752007472,0.0130008129815978,0.000232502545868113,0.190579063570567,0.000232502545868758,0.059001557118392,0.00308017400799967,0.0715121054964206,"STOmics","Aged"
"A21_43808666437000",0.199350167105435,0.370483213922027,0.00204009060458422,6.19817237723257e-05,0.139990670124087,0.011306813481154,0.0506712808173229,0.149843251858199,5.44057776185808e-05,0.0223907501373708,0.0356215811752989,0.0181857932731307,"STOmics","Aged"
"A21_46385646806200",0.0426288426016335,0.417294391543997,0.00011778435218092,0.000117784352496693,0.217502608917561,0.0210739896121629,0.000117784352711496,0.159296269737698,0.000117784352468963,0.0492321745027269,0.0216775352671574,0.0708230504072054,"STOmics","Aged"
"A21_46385646814200",0.132508347710611,0.318786142828271,0.00261311610677942,0.0368710740638313,0.22087609158577,0.0197492391918197,9.95573548032147e-05,0.174756661889799,0.00396037786466993,0.0541251605122088,0.0214179440364241,0.0142362868550122,"STOmics","Aged"
"A21_48103633730000",0.565469155498351,0.0104416218907922,7.08851550292195e-05,0.00257562950785472,0.164182849613122,0.0321235421240821,0.0422718337706605,0.0181666448582031,7.08851584050284e-05,0.0204091733968298,0.0234077811964311,0.120809997830239,"STOmics","Aged"
"A21_48962627189200",0.563413640780379,0.00829775606876147,7.3038746073972e-05,0.0300156273704756,0.205882841406789,0.0146362764841319,0.113811970294702,0.0111357061631006,7.30387529710337e-05,0.0291326053700672,0.0232836097225436,0.000243888840004446,"STOmics","Aged"
"A21_50680614105600",0.32569486178433,0.0420728480330205,0.000161569527784197,0.0262029890629887,0.340549613639871,0.000161569527443331,0.0217581253489653,0.00931964807514105,0.000161569527488493,0.0412686641812517,0.0224883801123396,0.170160161179376,"STOmics","Aged"
"A21_50680614108600",0.400234610043149,0.0136512066139797,6.46331855661229e-05,0.0453948142516066,0.265271153544675,0.0136578365085225,0.113150632858953,0.00482439030593006,6.46331857860381e-05,0.0281298084134733,0.0162648168551721,0.0992914642331868,"STOmics","Aged"
"A21_51539607566200",0.129779721145136,0.00276215082574335,6.22724154141165e-05,0.00913085830863658,0.448824309929324,0.0726543526758394,0.0794575602241393,0.00411835148519121,6.2272412391637e-05,0.0599262338733899,0.0423675416230849,0.150854375081709,"STOmics","Aged"
"A21_58411555238800",0.117644351635073,0.142927870511145,9.43429818842903e-05,0.011049677526177,0.341839898101821,0.0146708452163397,0.100190378154574,0.0953242768873802,9.43429817623073e-05,0.053378575720024,0.0295840250213532,0.0932014152624668,"STOmics","Aged"
"A21_59270548702200",0.0602013202347811,0.314675190317419,0.00264001654339157,0.0699697994500824,0.21051674075874,0.0310728460822414,0.000318367177612348,0.13281947906232,0.0003183671775786,0.125790823279767,0.00962687458777569,0.0420501753282914,"STOmics","Aged"
"A21_38654705678000",0.192459745234743,0.167691419379612,0.00845109525323865,8.73060852647331e-05,0.294754779437265,0.0381252510342126,8.73060852653708e-05,0.0975573408052295,8.73060852657198e-05,0.0636629930429824,0.0398075761169082,0.0972278814400134,"STOmics","Aged"
"A21_36936718760000",0.126204857215796,0.332976427402872,7.01638543539019e-05,0.0440093523901081,0.211296760182104,0.04335552721014,7.01638543345726e-05,0.153509385424598,7.01638543360543e-05,0.0166069231951185,0.037657372365824,0.0341729030504144,"STOmics","Aged"
"A21_37795712213600",0.187399776542462,0.253168715050517,8.81911460528557e-05,8.81911460017954e-05,0.233381710265254,0.0335685904860053,0.0109330300179066,0.0931700103539748,8.81911460017963e-05,0.0209401069604364,0.0674217666506322,0.0997517202347557,"STOmics","Aged"
"A21_37795712214400",0.0765670875701188,0.218896662567769,9.00912574071055e-05,0.0422356392076533,0.246383829653083,0.00944213374384965,9.00912574257515e-05,0.239408733337791,9.00912574252234e-05,0.053459947941756,0.00427206459344081,0.109063627612281,"STOmics","Aged"
"A21_37795712217200",0.153185167042766,0.23621371702171,0.000154353557489392,0.000154353557399408,0.247501737106482,0.000154353557399409,0.02514283787011,0.183034631131995,0.0194141805534205,0.0505086010673418,0.0485846025090783,0.0359514650248085,"STOmics","Aged"
"A21_37795712221400",0.114671159857895,0.396150731624152,0.0456885910137165,0.0189878733137918,0.212328516393925,0.0749999955163061,6.88347996787887e-05,0.0810445040352499,6.88347996796186e-05,0.0365226072461393,6.8834799679617e-05,0.0193995165997869,"STOmics","Aged"
"A21_38654705674800",0.100879147822028,0.366371219526355,7.01427045436255e-05,0.0649816877334124,0.174635547024178,0.0439713108204684,7.01427045724231e-05,0.109770822359498,7.01427045741925e-05,0.0490410711963279,0.0361595258403912,0.0539792395636516,"STOmics","Aged"
"A21_38654705675200",0.133978143444866,0.269570484504616,0.000107475501676329,0.0463997733790163,0.213201269945127,0.0263379419407349,0.00178565425757826,0.150362798534559,0.000107475501818543,0.0484880074838512,0.0257975452645647,0.0838634302415925,"STOmics","Aged"
"A21_38654705676600",0.192895651858035,0.198200251490424,0.000236143299454201,0.000236143299479808,0.172744954162012,0.0200686552916396,0.00580243393058842,0.156637408379871,0.012162695937322,0.0533462610092449,0.0765386405742085,0.111130760767722,"STOmics","Aged"
"A21_38654705676800",0.255268105270442,0.225765536394708,0.00010247728650054,0.05437229786233,0.151823806735844,0.0260463422009822,0.000102477286573806,0.159422817445389,0.000102477286575269,0.0442517943044182,0.060302931549701,0.0224389363765363,"STOmics","Aged"
"A21_38654705677400",0.182660441134655,0.149194716237966,8.80882479679373e-05,0.0117578310892524,0.322457554312744,0.00703000314216359,0.00675054950741243,0.0701418666228965,8.80882472957574e-05,0.0717143015569469,0.0107982374936036,0.167318322407096,"STOmics","Aged"
"A21_38654705678400",0.257279611074805,0.238220804607476,0.000148292832603125,0.035844632710654,0.192296282234896,0.0218607336467881,0.0137020501839491,0.112909547995372,0.000148292832778606,0.057493530576128,0.0317722361568799,0.038323985147671,"STOmics","Aged"
"A21_38654705680400",0.167471490935342,0.25554057621168,0.00283651967706253,0.000229817520551344,0.155077128919874,0.0365914683543463,0.000229817520549802,0.184802864219439,0.010252167826314,0.0279814078851484,0.0612027420308045,0.0977839988988881,"STOmics","Aged"
"A21_39513699134600",0.195906141960306,0.225682605959683,0.000142614331104467,0.0118794052028122,0.235983625118465,0.00745967578599275,0.000142614331025826,0.147881253784221,0.000142614331029356,0.0556709161007669,0.0398033315956031,0.07930520149899,"STOmics","Aged"
"A21_39513699136600",0.190536940917374,0.158092689077743,0.000150704403218229,0.0649155668975764,0.275220028600281,0.0153393881044042,0.00955317859656725,0.0735884110675437,0.00015070441054734,0.0633850380973052,0.0275190542992562,0.121548295528184,"STOmics","Aged"
"A21_39513699137000",0.12704739390787,0.165435603294588,0.00015514641011215,0.0292131311850948,0.316099357305275,0.00343552923191149,0.000155146412089609,0.122491903772008,0.00015514641209739,0.0710790546488664,0.0289893411575124,0.135743246262574,"STOmics","Aged"
"A21_39513699137400",0.265846551875784,0.195403274004365,0.00325298296578671,0.00546650896371907,0.217120342678395,0.0530965633448106,0.00243720964787085,0.14721240563348,0.000237293512323353,0.0492770502354442,0.0282333797658336,0.0324164373721881,"STOmics","Aged"
"A21_39513699140800",0.0973993992198461,0.350918438751142,0.000114692793478775,0.0251121310113364,0.23194103044203,0.0186026990616487,0.00011469279349221,0.179511059989278,0.00415220757499083,0.0300962058028374,0.031605855655424,0.0304315869044966,"STOmics","Aged"
"A21_40372692592400",0.113321599496908,0.361716185202956,0.000124323903685413,0.0488667609999284,0.180429116029295,0.010843378847338,0.000124323903833984,0.150330333017515,0.000124323903825197,0.0721575945686059,0.0213061955129715,0.0406558646131366,"STOmics","Aged"
"A21_40372692593600",0.152921380267533,0.253490753978368,0.00010391934802715,0.000103919348050374,0.23083163804929,0.00568632081345903,0.000103919348050379,0.18063858200481,0.000103919348073121,0.0556284590613688,0.0417975278557092,0.0785896605772614,"STOmics","Aged"
"A21_40372692596200",0.00495248038651469,0.134757544436395,0.000100089862419144,0.00360996287958151,0.451234056511494,0.0290040624633873,0.0064662400713723,0.135718125679604,0.00010008986685813,0.0710809589615519,0.055724986342793,0.107251402538029,"STOmics","Aged"
"A21_40372692598200",0.104085698662898,0.281506579647952,0.00222101442253355,0.0697917239922953,0.315952855754129,0.0133413414647887,6.29707115083775e-05,0.088182927421064,6.29707115083723e-05,0.0339074396753287,0.0440361056943435,0.0468483718416508,"STOmics","Aged"
"A21_40372692599400",0.169956381880514,0.259512354294058,0.000147638825989309,0.00990212951988598,0.161294960281294,0.00725478080471509,0.000147638826001977,0.180099682147021,0.00383446289917976,0.0397052918981189,0.0528001238499862,0.115344554773236,"STOmics","Aged"
"A21_41231686052200",0.0936476449551044,0.34674009454197,0.000211828016294917,0.0162101100733054,0.153714962122775,0.0295888497074352,0.00539646869680889,0.214796112111014,0.00482282940081021,0.0470020682259583,0.028683496034996,0.0591855361135273,"STOmics","Aged"
"A21_41231686052800",0.102646071550095,0.356738297545112,0.00194904631661542,0.0485620579222496,0.178872153209803,0.0270349532763034,0.000204625902652151,0.176944048408156,0.00020462590263331,0.0483374296175132,0.0103872724803145,0.0481194178685515,"STOmics","Aged"
"A21_41231686054000",0.361709040914935,0.0359039170646134,0.00018727775878609,0.0239744171934717,0.286164810869093,0.0467071240313034,0.0526304085230584,0.0595164157141905,0.000187277763880646,0.0271185069280951,0.0438787600358823,0.0620220432026906,"STOmics","Aged"
"A21_41231686054400",0.311508416667239,0.0141929374620656,0.000108213723709265,0.153160561691245,0.376567877783658,0.0223650320471377,0.00990251974026409,0.00676652555292638,0.000108213737539949,0.0173593007789823,0.022791552244511,0.0651688485707208,"STOmics","Aged"
"A21_41231686055000",0.135578403926332,0.0283784429117232,0.000146312073443525,0.0916028109617277,0.512739495678918,0.0272995473552557,0.00014631212411483,0.00387386562994477,0.000146312124114875,0.0414325906559879,0.0513537829786823,0.107302123579755,"STOmics","Aged"
"A21_41231686055200",0.205270586958244,0.024612985559973,0.000102218127518517,0.0277218499868753,0.480437745697764,0.0327188968454303,0.0265733763516028,0.0244449186107382,0.000102218130874937,0.0857777321010787,0.0507716419303329,0.0414658296995678,"STOmics","Aged"
"A21_41231686055400",0.0646638273265242,0.106336754579636,0.000149838380616638,0.034311953607031,0.441565850162138,0.0343119014620821,0.0150946208627711,0.121405802585075,0.000149838379729384,0.0484996912508502,0.0284968887526846,0.105013032650861,"STOmics","Aged"
"A21_41231686056400",0.0617808777491957,0.367594762257796,0.0259355220966486,0.050457908406033,0.191619816954251,0.0437674759506332,0.000135532139463728,0.131300296887502,0.000135532139460304,0.0420770394853006,0.025033187944846,0.0601620479888696,"STOmics","Aged"
"A21_41231686057400",0.136542908937005,0.257664727857008,0.00177022292799568,0.00674313859851446,0.246861579977184,0.0228676466707146,9.93516834679992e-05,0.15616953665828,9.93516834700344e-05,0.0524019957191019,0.0256377678301767,0.0931417714570806,"STOmics","Aged"
"A21_41231686058200",0.143249858214797,0.249038758699767,0.000807347653372997,0.0258711756121151,0.288451655851942,0.0477024310686488,0.0131073292464852,0.114732642920201,5.32959971756379e-05,0.0314526668415401,0.0398253202321042,0.0457075176618512,"STOmics","Aged"
"A21_42090679511600",0.0520393954339599,0.363626265063063,0.0256645641801192,0.000182411145667114,0.189689614794892,0.0158443097813257,0.000182411145166678,0.208113599654997,0.000182411145671535,0.023654524469961,0.0273460754553313,0.0934744177298454,"STOmics","Aged"
"A21_42090679513200",0.464095706826423,0.0291512586512431,0.000173362908163848,0.000950958726033383,0.32284840242138,0.0438526890011157,0.000173362908226031,0.0280674750830357,0.00387681548791459,0.0248114842964836,0.055167530938808,0.0268309527511726,"STOmics","Aged"
"A21_42090679514800",0.436747147058761,0.0120079768094723,0.000109331512243991,0.0399377545501729,0.289890621308463,0.000139011602748724,0.00525229916995882,0.0076108468702539,0.000109331525992962,0.115135365405513,0.048966257899712,0.0440940562867077,"STOmics","Aged"
"A21_42090679516000",0.142732884345038,0.330757575719311,0.0474234790436086,0.0632005176198272,0.131266983870126,0.0285459797861667,0.000200051579511963,0.16789600033248,0.000200051579495752,0.0340874205104759,0.0534890040344424,0.000200051579516914,"STOmics","Aged"
"A21_42949672969800",0.166065983291246,0.276270242086054,6.17993584280094e-05,0.0147955425868588,0.245742175342432,0.00568493437398264,0.00234266213694805,0.0884914873867184,6.17993583944628e-05,0.0533421461155602,0.0309095707680393,0.116231657195338,"STOmics","Aged"
"A21_42949672970200",7.33727053955357e-05,0.489644093309275,0.000856830340704922,7.3372705395535e-05,0.195781907352067,0.00941061570874824,7.33727053897773e-05,0.246974960045749,7.33727053942543e-05,0.026918336817694,0.00416742954363906,0.0259523360605481,"STOmics","Aged"
"A21_42949672972800",0.25741008030998,0.0145439511987127,0.000106537189612209,0.0838039432958345,0.327656883436026,0.0617888085997178,0.054856923546384,0.0214906850545207,0.000106537203497496,0.0456722841331072,0.0334239971704503,0.099139368862157,"STOmics","Aged"
"A21_42949672973400",0.0892838859197945,0.0255233545202169,0.000102775874568693,0.0696588261749007,0.47802756147283,0.0610630455644812,0.0654681191043395,0.0036042742450209,0.000102775874596538,0.0857133065338303,0.0361605396818161,0.0852915350336044,"STOmics","Aged"
"A21_42949672974800",0.203571685458711,0.205954797399341,0.000383036589026245,0.000218123652778652,0.208036240997779,0.0299972954013068,0.00021812365277865,0.152677758593469,0.0106501288635542,0.0558345992091258,0.0592818249465124,0.0731763852356176,"STOmics","Aged"
"A21_42949672976000",0.160600697043464,0.287849477286607,0.00418769649749136,6.1003760649351e-05,0.290466732595854,0.0201248575774178,6.1003760649172e-05,0.0890258473055734,6.10037606485618e-05,0.0733367522221617,0.0141995775150782,0.0600253506744055,"STOmics","Aged"
"A21_42949672976600",0.109363485027788,0.188933818769136,0.000416560732667498,0.00361705117310077,0.375112877698153,0.0195238127167891,0.0104345397608157,0.109489541189172,3.65456257415059e-05,0.0375996321506073,0.0393324381090305,0.106139697046998,"STOmics","Aged"
"A21_42949672977000",0.0958551639550067,0.25367851236417,0.00184237128924501,0.0150317059216223,0.30632449978941,0.0330575956421694,0.00998387356562874,0.153695445208678,5.9381113219847e-05,0.0478128375812263,0.0218641475308163,0.0607944660388076,"STOmics","Aged"
"A21_42949672977200",0.0638701673638365,0.295482537352215,0.00640709565847309,0.024841971373648,0.272655561142709,0.0318728940012905,0.00370346755312365,0.170848843376545,9.3133293133172e-05,0.0379340881680591,0.0424707586033113,0.0498194821136557,"STOmics","Aged"
"A21_42949672977600",0.0971764901641045,0.291273062910612,3.68233749801586e-05,0.00109517440320256,0.259631073469507,0.00720734680293111,3.6823374959982e-05,0.17951735818057,0.00376365594524171,0.0558679355610838,0.0288600268999017,0.0755342289129059,"STOmics","Aged"
"A21_43808666428600",0.132382724609282,0.253546716055853,0.000103686450571935,0.000623131863961276,0.289471591646244,0.0378397752247686,0.00010368645058465,0.130504046373652,0.000103686450587139,0.0472454154207401,0.0118581326872503,0.0962174067665058,"STOmics","Aged"
"A21_43808666429000",0.19779182299449,0.222950103768873,0.000137432293955821,0.00235725108115331,0.224658364576701,0.0330863585531073,0.000137432293778511,0.139931064456153,0.00498770716857461,0.055698731359055,0.0306734528235986,0.0875902786305596,"STOmics","Aged"
"A21_43808666430200",0.190423106274657,0.0359227561434407,0.000157287227235052,0.00583561793014224,0.407987940916795,0.0343465040742075,0.00015728722771078,0.0419384049498221,0.000157287227553698,0.0749372041481182,0.077770951516447,0.130365652363871,"STOmics","Aged"
"A21_43808666431200",0.10274963351835,0.425609755732593,0.000111604749629642,0.00610874718703558,0.186838634282699,0.000111604749612415,0.000111604749615218,0.154595444552605,0.00426030403120371,0.0559375858430476,0.0256164380996548,0.0379486425039545,"STOmics","Aged"
"A21_43808666432800",0.15557760117805,0.200490411701043,0.000164359306072917,0.0647473990120881,0.328209931483385,0.0418449586435353,0.000164359305860991,0.0360974402333672,0.00875812611775339,0.0562991302922234,0.0403380672862786,0.0673082154403426,"STOmics","Aged"
"A21_43808666433200",0.539554690721539,0.016737607331867,0.000106683368077794,0.131658855352717,0.180912851818016,0.000106683351841364,0.0296541789018621,0.000106683351841364,0.000106683351840045,0.0349185565954039,0.0178058476082107,0.0483306782467849,"STOmics","Aged"
"A21_43808666433600",0.518791669610894,0.0279457194789477,0.00011455126084949,0.000114551260938692,0.233401136784624,0.022451109267953,0.0136065812158613,0.0100666234033903,0.00011455126094901,0.0401915063858517,0.0194794182988396,0.113722581770901,"STOmics","Aged"
"A21_43808666433800",0.230627015837172,0.105300985062572,0.00250803819731493,0.000270179420129121,0.357925529603808,0.0704510072633256,0.00027017942012737,0.095764664644192,0.00178625061756026,0.0523798434952861,0.0442912979491454,0.0384250084893681,"STOmics","Aged"
"A21_43808666435600",0.0602983991997514,0.221385045875468,0.00010391915882512,0.0146083167163398,0.36359009437812,0.0366659389266885,0.00645490635411473,0.0772711254791038,0.000103919158706001,0.0505695710516219,0.0388497893542649,0.130098974346996,"STOmics","Aged"
"A21_43808666436000",0.127101814212249,0.248427408006244,3.68446646322479e-05,0.042420995441091,0.365636969968373,0.0379094439256452,3.68446646108474e-05,0.0905681274616534,3.68446646108432e-05,0.0422694036922489,0.0191087182178368,0.0264465850808053,"STOmics","Aged"
"A21_43808666436400",0.109487914579464,0.301421128315305,0.0281740198857231,0.0643716773305122,0.244722665420437,0.0163899402041672,6.03449240052744e-05,0.124371671864133,6.03449240072254e-05,0.0491222430558729,0.0037911851266082,0.0580268643697651,"STOmics","Aged"
"A21_44667659888200",0.145616236351827,0.240559955165443,0.000178336991678583,0.00017833700536516,0.328240406246312,0.058331235927574,0.000363014151985117,0.107263820086071,0.000178337005362323,0.0695383507883785,0.000178337005363259,0.0493736332746405,"STOmics","Aged"
"A21_44667659890400",0.273526664652775,0.169798475792235,0.000241042634712799,0.010543824582179,0.256459032336847,0.0498415669146446,0.0262960222668448,0.109458463662969,0.00375294640856541,0.0497978714549173,0.00843372643688665,0.0418503628564225,"STOmics","Aged"
"A21_44667659890600",0.148680824229636,0.0734171028961516,0.000157879994367905,0.0227845454965946,0.389696117014919,0.0659097028213182,0.0258659412685407,0.0426843557727742,0.00164799041512915,0.0859594615657194,0.0406624403819323,0.102533638142916,"STOmics","Aged"
"A21_44667659890800",0.124604064742912,0.192505949532055,0.00249256870073769,0.0891576929353843,0.269999430565117,0.0017816414139253,0.000249040480648356,0.0905978215099669,0.000249040480654561,0.100853591191309,0.0822458407808076,0.0452633176664831,"STOmics","Aged"
"A21_44667659891000",0.000131961255841619,0.430753516514958,0.0495189192900002,0.000131961255841618,0.123691107227973,0.0150767195176129,0.00013196125583118,0.251860782201951,0.000131961255849035,0.0884783808407928,0.00701365571886503,0.0330790736644835,"STOmics","Aged"
"A21_44667659892400",0.399943636578276,0.081523178132538,0.000170516135769611,0.0798163843162739,0.201621045013136,0.048611722701935,0.013225697370775,0.0367412533267642,0.00017051613496127,0.0568586400128959,0.0484407569801376,0.0328766532965376,"STOmics","Aged"
"A21_44667659892600",0.37243266880871,0.0947433304020821,0.000159673040644469,0.000159673040437071,0.259054598655445,0.0129340190630869,0.000795568121107696,0.0250153352398865,0.0158835174803166,0.0652841931268968,0.0655712194230051,0.0879662035983813,"STOmics","Aged"
"A21_45526653346200",0.164295613551248,0.297278598128379,0.00112502719163995,7.40088643535983e-05,0.323522495892621,4.47495928514856e-05,3.61164354186277e-05,0.142830222126098,3.61164354274983e-05,0.038030183565312,0.0271423656260263,0.00558450259062583,"STOmics","Aged"
"A21_45526653347000",0.243705615425269,0.282241454574339,0.000165621353743652,0.0273897620051593,0.178590949123341,0.00715084636030369,0.000165621353671126,0.136168594103368,0.00520381556108344,0.0644923953323554,0.0201883441844274,0.0345369806229393,"STOmics","Aged"
"A21_45526653348800",0.137367998869827,0.225415077861501,0.000103579475817109,0.000103579488737995,0.383198419250508,0.00453156265228761,0.000103579488740577,0.108775824819019,0.000103579488736025,0.068908757741212,0.0323733249430969,0.0390147159205175,"STOmics","Aged"
"A21_45526653349400",0.394853126558741,0.0635419051848331,0.000178253149868186,0.00259052645141987,0.296877008662506,0.0305174734519996,0.000178253153025719,0.0289884825630957,0.000178253153034414,0.0405159147854223,0.0619719416564074,0.0796088612296464,"STOmics","Aged"
"A21_45526653350000",0.313637682089193,0.0258554739948188,0.000253291321409188,0.0309752064617904,0.333900722411199,0.0339885042181314,0.000253291322827422,0.0250902642806383,0.00496042433869198,0.0773182316419262,0.0356902825173593,0.118076625402015,"STOmics","Aged"
"A21_45526653352200",0.0976101718952331,0.223769582419458,0.00370595410085856,0.000109766746913739,0.508505975896891,0.0203760417426217,0.000109766746912389,0.0260720857500619,0.00686657678346603,0.0517067132485087,0.000109766746913738,0.0610575979221603,"STOmics","Aged"
